1492812434.7417314
1492812434.7918913
1492812434.8420253
1492812434.892158
1492812434.9422917
1492812434.9923968
1492812435.0425582
1492812435.0926635
1492812435.1428244
1492812435.1929579
1492812435.2430637
1492812435.2931974
1492812435.3433583
1492812435.3934915
1492812435.4436216
1492812435.4937587
1492812435.5438924
1492812435.5940251
1492812435.6441312
1492812435.6942642
1492812435.7443972
1492812435.794531
1492812435.8446646
1492812435.8947976
1492812435.9449313
1492812435.9950645
